人物名: 博丽灵梦
属性: 110 3 9 10 12 80
缩写: 梦
种族: 人类
符卡: 
梦符「二重结界」
0 2 0 self 0 1 6 1 0 0 0 0 0 null
梦境「二重大结界」
0 4 0 selfall 0 1 8 1 0 0 0 0 0 null
灵符「梦想封印　散」
4 3 100 | 0 0 0 0 0 0 0 0 0 null
散灵「梦想封印　寂」
5 3 105 single 0 0 0 0 0 0 0 0 0 null
梦符「封魔阵」
1 1 100 single 0 0 0 0 0 1 3 1 5 null
神技「八方鬼缚阵」
2 3 103 front 0 0 0 0 0 1 5 1 10 null
神技「八方龙杀阵」
2 5 107 enemyall 0 0 0 0 0 1 7 2 15 null
灵符「梦想封印　集」
5 3 100 front 0 0 0 0 0 0 0 0 0 null
回灵「梦想封印　侘」
6 4 100 single 0 0 0 0 0 0 0 0 0 null
境界「二重弹幕结界」
0 3 120 all 0 1 5 0 0 0 5 0 0 null
大结界「博丽弹幕结界」
0 5 120 all 0 1 8 1 0 1 5 2 0 null
神灵「梦想封印　瞬」
5 3 100 - 0 0 0 0 0 0 0 0 0 null
「梦想天生」
8 6 100 single 0 1 0 5 10 0 0 0 0 null